<?xml version="1.0" encoding="utf-8"?>
<COLLADA xmlns="http://www.collada.org/2005/11/COLLADASchema" version="1.4.1">
  <asset>
    <contributor>
      <author>Mixamo</author>
      <authoring_tool>COLLADA Mixamo exporter</authoring_tool>
      <comments/>
    </contributor>
    <created>2024-10-08T17:18:01Z</created>
    <modified>2024-10-08T17:18:01Z</modified>
    <revision/>
    <title/>
    <unit meter="0.010000"/>
    <up_axis>Y_UP</up_axis>
  </asset>
  <library_animations>
    <animation id="mixamorig_Hips-anim" name="mixamorig_Hips">
      <source id="mixamorig_Hips-Matrix-animation-input">
        <float_array id="mixamorig_Hips-Matrix-animation-input-array" count="32">

0.000000 0.033333 0.066667 0.100000 0.133333 0.166667 0.200000 0.233333 0.266667 0.300000 0.333333 0.366667 0.400000 0.433333 0.466667 0.500000
0.533333 0.566667 0.600000 0.633333 0.666667 0.700000 0.733333 0.766667 0.800000 0.833333 0.866667 0.900000 0.933333 0.966667 1.000000 1.033333</float_array>
        <technique_common>
          <accessor source="#mixamorig_Hips-Matrix-animation-input-array" count="32">
            <param name="TIME" type="float"/>
          </accessor>
        </technique_common>
      </source>
      <source id="mixamorig_Hips-Matrix-animation-output-transform">
        <float_array id="mixamorig_Hips-Matrix-animation-output-transform-array" count="512">

0.998433 0.029909 0.047290 -0.075553 -0.029097 0.999419 -0.017769 97.953438 -0.047794 0.016365 0.998723 0.072098 0.000000 0.000000 0.000000 1.000000
0.999272 0.029758 0.023893 -0.181926 -0.029336 0.999411 -0.017802 98.500542 -0.024409 0.017088 0.999556 -0.210336 0.000000 0.000000 0.000000 1.000000
0.999433 0.033396 0.004179 -0.250966 -0.033327 0.999323 -0.015606 98.473953 -0.004697 0.015458 0.999869 -0.559400 0.000000 0.000000 0.000000 1.000000
0.999388 0.033971 -0.008387 -0.262987 -0.034085 0.999322 -0.013908 97.816689 0.007908 0.014185 0.999868 -0.840695 0.000000 0.000000 0.000000 1.000000
0.999230 0.033974 -0.019637 -0.261051 -0.034220 0.999338 -0.012355 97.034821 0.019204 0.013017 0.999731 -1.105221 0.000000 0.000000 0.000000 1.000000
0.998941 0.033749 -0.031280 -0.206863 -0.034120 0.999353 -0.011408 96.151146 0.030875 0.012463 0.999446 -1.304761 0.000000 0.000000 0.000000 1.000000
0.998451 0.033204 -0.044650 -0.047596 -0.033775 0.999356 -0.012104 95.068436 0.044219 0.013593 0.998929 -1.410331 0.000000 0.000000 0.000000 1.000000
0.997809 0.032079 -0.057865 0.214435 -0.032895 0.999372 -0.013191 93.839127 0.057406 0.015065 0.998237 -1.314272 0.000000 0.000000 0.000000 1.000000
0.997268 0.029758 -0.067614 0.688963 -0.030654 0.999455 -0.012258 92.490700 0.067212 0.014297 0.997636 -0.547920 0.000000 0.000000 0.000000 1.000000
0.997145 0.023026 -0.071920 1.164360 -0.024227 0.999580 -0.015881 91.740997 0.071524 0.017578 0.997284 0.385491 0.000000 0.000000 0.000000 1.000000
0.997486 0.013559 -0.069561 1.673696 -0.015257 0.999597 -0.023932 91.577423 0.069209 0.024933 0.997291 1.048153 0.000000 0.000000 0.000000 1.000000
0.998089 0.005997 -0.061494 2.141784 -0.007787 0.999552 -0.028911 91.868866 0.061293 0.029335 0.997689 1.239080 0.000000 0.000000 0.000000 1.000000
0.998600 0.003284 -0.052799 2.629349 -0.004676 0.999644 -0.026275 93.065704 0.052694 0.026486 0.998259 1.246452 0.000000 0.000000 0.000000 1.000000
0.998941 0.006467 -0.045547 3.037714 -0.007372 0.999778 -0.019716 94.843773 0.045409 0.020030 0.998768 1.124258 0.000000 0.000000 0.000000 1.000000
0.999318 0.014449 -0.033978 3.293494 -0.014965 0.999776 -0.014986 96.564499 0.033754 0.015484 0.999310 0.830182 0.000000 0.000000 0.000000 1.000000
0.999677 0.023000 -0.010810 3.501191 -0.023163 0.999616 -0.015202 98.020645 0.010456 0.015448 0.999826 0.642732 0.000000 0.000000 0.000000 1.000000
0.999443 0.025392 0.021677 3.631124 -0.024952 0.999483 -0.020299 98.835976 -0.022181 0.019747 0.999559 0.112067 0.000000 0.000000 0.000000 1.000000
0.998416 0.018536 0.053119 3.678076 -0.017119 0.999489 -0.026994 98.927109 -0.053592 0.026042 0.998223 -0.489076 0.000000 0.000000 0.000000 1.000000
0.997147 0.006074 0.075233 3.684295 -0.003718 0.999499 -0.031418 98.356438 -0.075386 0.031049 0.996671 -0.841839 0.000000 0.000000 0.000000 1.000000
0.996168 -0.004845 0.087328 3.690289 0.007683 0.999452 -0.032188 97.243118 -0.087124 0.032735 0.995659 -1.089510 0.000000 0.000000 0.000000 1.000000
0.995101 -0.014593 0.097784 3.684271 0.017818 0.999323 -0.032192 95.978561 -0.097248 0.033776 0.994687 -1.291563 0.000000 0.000000 0.000000 1.000000
0.993719 -0.019963 0.110105 3.618412 0.023675 0.999191 -0.032506 94.500420 -0.109367 0.034908 0.993388 -1.370616 0.000000 0.000000 0.000000 1.000000
0.991846 -0.022034 0.125520 3.449481 0.026547 0.999056 -0.034395 93.083809 -0.124644 0.037447 0.991495 -1.446939 0.000000 0.000000 0.000000 1.000000
0.990405 -0.016824 0.137168 3.028899 0.022371 0.998989 -0.038998 92.051346 -0.136373 0.041693 0.989780 -0.981390 0.000000 0.000000 0.000000 1.000000
0.989358 -0.008247 0.145269 2.545582 0.014904 0.998885 -0.044798 91.246231 -0.144738 0.046486 0.988377 -0.447275 0.000000 0.000000 0.000000 1.000000
0.990167 0.009470 0.139572 2.000240 -0.002052 0.998582 -0.053195 91.193710 -0.139878 0.052386 0.988782 -0.112199 0.000000 0.000000 0.000000 1.000000
0.991381 0.028363 0.127901 1.499272 -0.021027 0.998075 -0.058347 91.911568 -0.129310 0.055155 0.990069 0.085863 0.000000 0.000000 0.000000 1.000000
0.992026 0.041679 0.118942 0.886045 -0.035339 0.997865 -0.054923 93.088646 -0.120977 0.050281 0.991381 0.099441 0.000000 0.000000 0.000000 1.000000
0.992618 0.045856 0.112283 0.509057 -0.041180 0.998199 -0.043618 94.598251 -0.114081 0.038673 0.992718 0.050735 0.000000 0.000000 0.000000 1.000000
0.994051 0.042819 0.100142 0.258075 -0.039931 0.998732 -0.030665 96.010246 -0.101328 0.026484 0.994500 0.164072 0.000000 0.000000 0.000000 1.000000
0.996340 0.035680 0.077672 0.065525 -0.034100 0.999186 -0.021576 97.148888 -0.078378 0.018848 0.996746 0.269715 0.000000 0.000000 0.000000 1.000000
0.998433 0.029909 0.047290 -0.075554 -0.029096 0.999419 -0.017769 97.953453 -0.047794 0.016365 0.998723 0.072101 0.000000 0.000000 0.000000 1.000000</float_array>
        <technique_common>
          <accessor source="#mixamorig_Hips-Matrix-animation-output-transform-array" count="32" stride="16">
            <param type="float4x4"/>
          </accessor>
        </technique_common>
      </source>
      <source id="mixamorig_Hips-Interpolations">
        <Name_array id="mixamorig_Hips-Interpolations-array" count="32">
 LINEAR LINEAR LINEAR LINEAR LINEAR LINEAR LINEAR LINEAR LINEAR LINEAR LINEAR
LINEAR LINEAR LINEAR LINEAR LINEAR LINEAR LINEAR LINEAR LINEAR LINEAR LINEAR LINEAR
LINEAR LINEAR LINEAR LINEAR LINEAR LINEAR LINEAR LINEAR LINEAR</Name_array>
        <technique_common>
          <accessor source="#mixamorig_Hips-Interpolations-array" count="32">
            <param type="name"/>
          </accessor>
        </technique_common>
      </source>
      <sampler id="mixamorig_Hips-Matrix-animation-transform">
        <input semantic="INPUT" source="#mixamorig_Hips-Matrix-animation-input"/>
        <input semantic="OUTPUT" source="#mixamorig_Hips-Matrix-animation-output-transform"/>
        <input semantic="INTERPOLATION" source="#mixamorig_Hips-Interpolations"/>
      </sampler>
      <channel source="#mixamorig_Hips-Matrix-animation-transform" target="mixamorig_Hips/matrix"/>
    </animation>
    <animation id="mixamorig_Spine-anim" name="mixamorig_Spine">
      <source id="mixamorig_Spine-Matrix-animation-input">
        <float_array id="mixamorig_Spine-Matrix-animation-input-array" count="32">

0.000000 0.033333 0.066667 0.100000 0.133333 0.166667 0.200000 0.233333 0.266667 0.300000 0.333333 0.366667 0.400000 0.433333 0.466667 0.500000
0.533333 0.566667 0.600000 0.633333 0.666667 0.700000 0.733333 0.766667 0.800000 0.833333 0.866667 0.900000 0.933333 0.966667 1.000000 1.033333</float_array>
        <technique_common>
          <accessor source="#mixamorig_Spine-Matrix-animation-input-array" count="32">
            <param name="TIME" type="float"/>
          </accessor>
        </technique_common>
      </source>
      <source id="mixamorig_Spine-Matrix-animation-output-transform">
        <float_array id="mixamorig_Spine-Matrix-animation-output-transform-array" count="512">

0.999952 -0.008481 0.004831 0.000900 0.007852 0.992994 0.117905 9.923500 -0.005797 -0.117861 0.993013 -1.227300 0.000000 0.000000 0.000000 1.000000
0.999922 -0.005990 0.010961 0.000900 0.004660 0.993052 0.117583 9.923500 -0.011589 -0.117523 0.993003 -1.227300 0.000000 0.000000 0.000000 1.000000
0.999859 -0.004688 0.016133 0.000900 0.002790 0.993283 0.115673 9.923500 -0.016567 -0.115612 0.993156 -1.227300 0.000000 0.000000 0.000000 1.000000
0.999798 -0.003356 0.019829 0.000900 0.001062 0.993411 0.114604 9.923500 -0.020083 -0.114560 0.993213 -1.227300 0.000000 0.000000 0.000000 1.000000
0.999728 -0.002009 0.023255 0.000900 -0.000649 0.993514 0.113704 9.923500 -0.023332 -0.113688 0.993242 -1.227300 0.000000 0.000000 0.000000 1.000000
0.999640 -0.000549 0.026819 0.000900 -0.002489 0.993580 0.113105 9.923500 -0.026709 -0.113131 0.993221 -1.227300 0.000000 0.000000 0.000000 1.000000
0.999522 0.001200 0.030906 0.000900 -0.004691 0.993567 0.113149 9.923500 -0.030571 -0.113240 0.993097 -1.227300 0.000000 0.000000 0.000000 1.000000
0.999383 0.003020 0.034996 0.000900 -0.006982 0.993495 0.113661 9.923500 -0.034425 -0.113835 0.992903 -1.227300 0.000000 0.000000 0.000000 1.000000
0.999262 0.004526 0.038145 0.000900 -0.008879 0.993357 0.114726 9.923500 -0.037372 -0.114980 0.992665 -1.227300 0.000000 0.000000 0.000000 1.000000
0.999209 0.006490 0.039222 0.000900 -0.011100 0.992893 0.118496 9.923500 -0.038174 -0.118837 0.992180 -1.227300 0.000000 0.000000 0.000000 1.000000
0.999250 0.009102 0.037625 0.000900 -0.013696 0.992224 0.123706 9.923500 -0.036206 -0.124129 0.991605 -1.227300 0.000000 0.000000 0.000000 1.000000
0.999381 0.010477 0.033584 0.000900 -0.014626 0.991951 0.125773 9.923500 -0.031996 -0.126187 0.991490 -1.227300 0.000000 0.000000 0.000000 1.000000
0.999539 0.009877 0.028722 0.000900 -0.013373 0.992165 0.124214 9.923500 -0.027270 -0.124541 0.991840 -1.227300 0.000000 0.000000 0.000000 1.000000
0.999677 0.009068 0.023738 0.000900 -0.011895 0.992486 0.121776 9.923500 -0.022456 -0.122019 0.992274 -1.227300 0.000000 0.000000 0.000000 1.000000
0.999819 0.007180 0.017636 0.000900 -0.009244 0.992742 0.119905 9.923500 -0.016647 -0.120046 0.992629 -1.227300 0.000000 0.000000 0.000000 1.000000
0.999945 0.004603 0.009452 0.000900 -0.005699 0.992829 0.119407 9.923500 -0.008834 -0.119455 0.992800 -1.227300 0.000000 0.000000 0.000000 1.000000
0.999994 0.003376 0.000500 0.000900 -0.003412 0.992929 0.118657 9.923500 -0.000095 -0.118658 0.992935 -1.227300 0.000000 0.000000 0.000000 1.000000
0.999968 0.004023 -0.006958 0.000900 -0.003174 0.993016 0.117940 9.923500 0.007384 -0.117914 0.992996 -1.227300 0.000000 0.000000 0.000000 1.000000
0.999915 0.005573 -0.011790 0.000900 -0.004151 0.993085 0.117322 9.923500 0.012362 -0.117263 0.993024 -1.227300 0.000000 0.000000 0.000000 1.000000
0.999876 0.005793 -0.014659 0.000900 -0.004058 0.993271 0.115740 9.923500 0.015231 -0.115666 0.993171 -1.227300 0.000000 0.000000 0.000000 1.000000
0.999836 0.005534 -0.017270 0.000900 -0.003528 0.993462 0.114113 9.923500 0.017788 -0.114033 0.993318 -1.227300 0.000000 0.000000 0.000000 1.000000
0.999780 0.004240 -0.020555 0.000900 -0.001886 0.993567 0.113231 9.923500 0.020903 -0.113168 0.993356 -1.227300 0.000000 0.000000 0.000000 1.000000
0.999697 0.002174 -0.024514 0.000900 0.000612 0.993588 0.113063 9.923500 0.024603 -0.113044 0.993285 -1.227300 0.000000 0.000000 0.000000 1.000000
0.999627 0.000051 -0.027319 0.000900 0.003119 0.993246 0.115983 9.923500 0.027141 -0.116025 0.992875 -1.227300 0.000000 0.000000 0.000000 1.000000
0.999571 -0.002309 -0.029192 0.000900 0.005790 0.992791 0.119717 9.923500 0.028705 -0.119834 0.992379 -1.227300 0.000000 0.000000 0.000000 1.000000
0.999604 -0.005891 -0.027511 0.000900 0.009274 0.992178 0.124486 9.923500 0.026562 -0.124692 0.991840 -1.227300 0.000000 0.000000 0.000000 1.000000
0.999665 -0.010328 -0.023721 0.000900 0.013257 0.991836 0.126829 9.923500 0.022218 -0.127101 0.991641 -1.227300 0.000000 0.000000 0.000000 1.000000
0.999720 -0.012835 -0.019885 0.000900 0.015235 0.991958 0.125647 9.923500 0.018112 -0.125915 0.991876 -1.227300 0.000000 0.000000 0.000000 1.000000
0.999764 -0.014258 -0.016372 0.000900 0.016159 0.992328 0.122569 9.923500 0.014498 -0.122805 0.992325 -1.227300 0.000000 0.000000 0.000000 1.000000
0.999836 -0.014032 -0.011412 0.000900 0.015301 0.992652 0.120033 9.923500 0.009644 -0.120188 0.992704 -1.227300 0.000000 0.000000 0.000000 1.000000
0.999930 -0.011231 -0.003766 0.000900 0.011599 0.992820 0.119052 9.923500 0.002402 -0.119087 0.992881 -1.227300 0.000000 0.000000 0.000000 1.000000
0.999952 -0.008481 0.004831 0.000900 0.007852 0.992994 0.117905 9.923500 -0.005797 -0.117861 0.993013 -1.227300 0.000000 0.000000 0.000000 1.000000</float_array>
        <technique_common>
          <accessor source="#mixamorig_Spine-Matrix-animation-output-transform-array" count="32" stride="16">
            <param type="float4x4"/>
          </accessor>
        </technique_common>
      </source>
      <source id="mixamorig_Spine-Interpolations">
        <Name_array id="mixamorig_Spine-Interpolations-array" count="32">
 LINEAR LINEAR LINEAR LINEAR LINEAR LINEAR LINEAR LINEAR LINEAR LINEAR LINEAR
LINEAR LINEAR LINEAR LINEAR LINEAR LINEAR LINEAR LINEAR LINEAR LINEAR LINEAR LINEAR
LINEAR LINEAR LINEAR LINEAR LINEAR LINEAR LINEAR LINEAR LINEAR</Name_array>
        <technique_common>
          <accessor source="#mixamorig_Spine-Interpolations-array" count="32">
            <param type="name"/>
          </accessor>
        </technique_common>
      </source>
      <sampler id="mixamorig_Spine-Matrix-animation-transform">
        <input semantic="INPUT" source="#mixamorig_Spine-Matrix-animation-input"/>
        <input semantic="OUTPUT" source="#mixamorig_Spine-Matrix-animation-output-transform"/>
        <input semantic="INTERPOLATION" source="#mixamorig_Spine-Interpolations"/>
      </sampler>
      <channel source="#mixamorig_Spine-Matrix-animation-transform" target="mixamorig_Spine/matrix"/>
    </animation>
    <animation id="mixamorig_Spine1-anim" name="mixamorig_Spine1">
      <source id="mixamorig_Spine1-Matrix-animation-input">
        <float_array id="mixamorig_Spine1-Matrix-animation-input-array" count="32">

0.000000 0.033333 0.066667 0.100000 0.133333 0.166667 0.200000 0.233333 0.266667 0.300000 0.333333 0.366667 0.400000 0.433333 0.466667 0.500000
0.533333 0.566667 0.600000 0.633333 0.666667 0.700000 0.733333 0.766667 0.800000 0.833333 0.866667 0.900000 0.933333 0.966667 1.000000 1.033333</float_array>
        <technique_common>
          <accessor source="#mixamorig_Spine1-Matrix-animation-input-array" count="32">
            <param name="TIME" type="float"/>
          </accessor>
        </technique_common>
      </source>
      <source id="mixamorig_Spine1-Matrix-animation-output-transform">
        <float_array id="mixamorig_Spine1-Matrix-animation-output-transform-array" count="512">

0.999890 -0.010050 0.010947 -0.000000 0.010128 0.999923 -0.007110 11.732000 -0.010875 0.007220 0.999915 0.000000 0.000000 0.000000 0.000000 1.000000
0.999723 -0.005396 0.022890 0.000000 0.005575 0.999954 -0.007779 11.732000 -0.022847 0.007904 0.999708 0.000000 0.000000 0.000000 0.000000 1.000000
0.999450 -0.003231 0.033004 0.000000 0.003617 0.999926 -0.011635 11.732000 -0.032964 0.011748 0.999387 0.000000 0.000000 0.000000 0.000000 1.000000
0.999172 -0.001353 0.040654 0.000000 0.001915 0.999903 -0.013786 11.732000 -0.040632 0.013852 0.999078 0.000000 0.000000 0.000000 0.000000 1.000000
0.998854 0.000502 0.047865 0.000000 0.000245 0.999878 -0.015594 11.732000 -0.047867 0.015588 0.998732 0.000000 0.000000 0.000000 0.000000 1.000000
0.998454 0.002640 0.055521 -0.000000 -0.001709 0.999857 -0.016799 11.732000 -0.055558 0.016678 0.998316 -0.000000 0.000000 0.000000 0.000000 1.000000
0.997892 0.005497 0.064664 0.000000 -0.004424 0.999850 -0.016719 11.732000 -0.064746 0.016397 0.997767 0.000000 0.000000 0.000000 0.000000 1.000000
0.997228 0.008530 0.073915 0.000000 -0.007387 0.999849 -0.015714 11.732000 -0.074038 0.015124 0.997141 0.000000 0.000000 0.000000 0.000000 1.000000
0.996679 0.010878 0.080701 0.000000 -0.009813 0.999860 -0.013585 11.732000 -0.080837 0.012748 0.996646 0.000000 0.000000 0.000000 0.000000 1.000000
0.996396 0.014195 0.083624 0.000000 -0.013736 0.999887 -0.006058 11.732000 -0.083701 0.004887 0.996479 0.000000 0.000000 0.000000 0.000000 1.000000
0.996445 0.020475 0.081715 0.000000 -0.020890 0.999773 0.004236 11.732000 -0.081610 -0.005928 0.996647 -0.000000 0.000000 0.000000 0.000000 1.000000
0.996911 0.025503 0.074287 -0.000000 -0.026186 0.999623 0.008234 11.732000 -0.074049 -0.010154 0.997203 0.000000 0.000000 0.000000 0.000000 1.000000
0.997703 0.024854 0.063020 -0.000000 -0.025229 0.999668 0.005154 11.732000 -0.062871 -0.006732 0.997999 0.000000 0.000000 0.000000 0.000000 1.000000
0.998475 0.021983 0.050639 -0.000000 -0.022031 0.999757 0.000390 11.732000 -0.050619 -0.001505 0.998717 0.000000 0.000000 0.000000 0.000000 1.000000
0.999203 0.016335 0.036435 0.000000 -0.016228 0.999863 -0.003221 11.732000 -0.036483 0.002628 0.999331 -0.000000 0.000000 0.000000 0.000000 1.000000
0.999763 0.010092 0.019286 0.000000 -0.010015 0.999941 -0.004124 11.732000 -0.019327 0.003930 0.999805 0.000000 0.000000 0.000000 0.000000 1.000000
0.999973 0.007319 0.001129 0.000000 -0.007313 0.999958 -0.005592 11.732000 -0.001170 0.005584 0.999984 0.000000 0.000000 0.000000 0.000000 1.000000
0.999868 0.008316 -0.013977 0.000000 -0.008415 0.999940 -0.006997 11.732000 0.013918 0.007114 0.999878 0.000000 0.000000 0.000000 0.000000 1.000000
0.999659 0.010787 -0.023792 0.000000 -0.010984 0.999906 -0.008201 11.732000 0.023701 0.008460 0.999683 0.000000 0.000000 0.000000 0.000000 1.000000
0.999497 0.010328 -0.029987 0.000000 -0.010673 0.999878 -0.011375 11.732000 0.029866 0.011690 0.999486 0.000000 0.000000 0.000000 0.000000 1.000000
0.999318 0.009037 -0.035794 0.000000 -0.009566 0.999847 -0.014652 11.732000 0.035656 0.014984 0.999252 0.000000 0.000000 0.000000 0.000000 1.000000
0.999040 0.006642 -0.043306 0.000000 -0.007359 0.999838 -0.016418 11.732000 0.043190 0.016721 0.998927 0.000000 0.000000 0.000000 0.000000 1.000000
0.998636 0.003418 -0.052106 0.000000 -0.004296 0.999851 -0.016741 11.732000 0.052041 0.016942 0.998501 0.000000 0.000000 0.000000 0.000000 1.000000
0.998318 0.000093 -0.057975 0.000000 -0.000724 0.999941 -0.010865 11.732000 0.057971 0.010889 0.998259 0.000000 0.000000 0.000000 0.000000 1.000000
0.998082 -0.003598 -0.061794 0.000000 0.003396 0.999989 -0.003372 11.732000 0.061805 0.003155 0.998083 0.000000 0.000000 0.000000 0.000000 1.000000
0.998264 -0.009391 -0.058148 -0.000000 0.009766 0.999933 0.006170 11.732000 0.058086 -0.006727 0.998289 -0.000000 0.000000 0.000000 0.000000 1.000000
0.998541 -0.018234 -0.050822 -0.000000 0.018804 0.999765 0.010762 11.732000 0.050614 -0.011702 0.998650 0.000000 0.000000 0.000000 0.000000 1.000000
0.998841 -0.023179 -0.042184 0.000000 0.023551 0.999688 0.008343 11.732000 0.041978 -0.009327 0.999075 0.000000 0.000000 0.000000 0.000000 1.000000
0.999167 -0.024248 -0.032833 0.000000 0.024333 0.999701 0.002194 11.732000 0.032770 -0.002991 0.999458 0.000000 0.000000 0.000000 0.000000 1.000000
0.999564 -0.020849 -0.020914 0.000000 0.020794 0.999780 -0.002833 11.732000 0.020969 0.002397 0.999777 -0.000000 0.000000 0.000000 0.000000 1.000000
0.999866 -0.015271 -0.005860 0.000000 0.015243 0.999872 -0.004792 11.732000 0.005932 0.004702 0.999971 0.000000 0.000000 0.000000 0.000000 1.000000
0.999890 -0.010050 0.010947 0.000000 0.010128 0.999923 -0.007110 11.732000 -0.010875 0.007220 0.999915 -0.000000 0.000000 0.000000 0.000000 1.000000</float_array>
        <technique_common>
          <accessor source="#mixamorig_Spine1-Matrix-animation-output-transform-array" count="32" stride="16">
            <param type="float4x4"/>
          </accessor>
        </technique_common>
      </source>
      <source id="mixamorig_Spine1-Interpolations">
        <Name_array id="mixamorig_Spine1-Interpolations-array" count="32">
 LINEAR LINEAR LINEAR LINEAR LINEAR LINEAR LINEAR LINEAR LINEAR LINEAR LINEAR
LINEAR LINEAR LINEAR LINEAR LINEAR LINEAR LINEAR LINEAR LINEAR LINEAR LINEAR LINEAR
LINEAR LINEAR LINEAR LINEAR LINEAR LINEAR LINEAR LINEAR LINEAR</Name_array>
        <technique_common>
          <accessor source="#mixamorig_Spine1-Interpolations-array" count="32">
            <param type="name"/>
          </accessor>
        </technique_common>
      </source>
      <sampler id="mixamorig_Spine1-Matrix-animation-transform">
        <input semantic="INPUT" source="#mixamorig_Spine1-Matrix-animation-input"/>
        <input semantic="OUTPUT" source="#mixamorig_Spine1-Matrix-animation-output-transform"/>
        <input semantic="INTERPOLATION" source="#mixamorig_Spine1-Interpolations"/>
      </sampler>
      <channel source="#mixamorig_Spine1-Matrix-animation-transform" target="mixamorig_Spine1/matrix"/>
    </animation>
    <animation id="mixamorig_Spine2-anim" name="mixamorig_Spine2">
      <source id="mixamorig_Spine2-Matrix-animation-input">
        <float_array id="mixamorig_Spine2-Matrix-animation-input-array" count="32">

0.000000 0.033333 0.066667 0.100000 0.133333 0.166667 0.200000 0.233333 0.266667 0.300000 0.333333 0.366667 0.400000 0.433333 0.466667 0.500000
0.533333 0.566667 0.600000 0.633333 0.666667 0.700000 0.733333 0.766667 0.800000 0.833333 0.866667 0.900000 0.933333 0.966667 1.000000 1.033333</float_array>
        <technique_common>
          <accessor source="#mixamorig_Spine2-Matrix-animation-input-array" count="32">
            <param name="TIME" type="float"/>
          </accessor>
        </technique_common>
      </source>
      <source id="mixamorig_Spine2-Matrix-animation-output-transform">
        <float_array id="mixamorig_Spine2-Matrix-animation-output-transform-array" count="512">

0.999889 -0.008747 0.012039 -0.000000 0.010150 0.992491 -0.121896 13.458800 -0.010883 0.122004 0.992470 -0.000000 0.000000 0.000000 0.000000 1.000000
0.999723 -0.002748 0.023366 0.000000 0.005593 0.992445 -0.122563 13.458800 -0.022852 0.122660 0.992186 -0.000000 0.000000 0.000000 0.000000 1.000000
0.999450 0.000568 0.033164 0.000000 0.003630 0.991974 -0.126391 13.458800 -0.032969 0.126442 0.991426 -0.000000 0.000000 0.000000 0.000000 1.000000
0.999172 0.003315 0.040546 0.000000 0.001925 0.991705 -0.128522 13.458800 -0.040636 0.128494 0.990877 -0.000000 0.000000 0.000000 0.000000 1.000000
0.998854 0.005988 0.047495 0.000000 0.000252 0.991472 -0.130317 13.458800 -0.047870 0.130180 0.990334 -0.000000 0.000000 0.000000 0.000000 1.000000
0.998454 0.008994 0.054854 0.000000 -0.001705 0.991313 -0.131513 13.458800 -0.055560 0.131216 0.989796 0.000000 0.000000 0.000000 0.000000 1.000000
0.997892 0.012886 0.063606 0.000000 -0.004423 0.991315 -0.131431 13.458800 -0.064747 0.130873 0.989283 -0.000000 0.000000 0.000000 0.000000 1.000000
0.997228 0.016964 0.072446 0.000000 -0.007390 0.991429 -0.130434 13.458800 -0.074038 0.129537 0.988807 -0.000000 0.000000 0.000000 0.000000 1.000000
0.996679 0.020079 0.078917 0.000000 -0.009818 0.991684 -0.128321 13.458800 -0.080837 0.127120 0.988588 0.000000 0.000000 0.000000 0.000000 1.000000
0.996396 0.023711 0.081438 -0.000000 -0.013743 0.992576 -0.120846 13.458800 -0.083699 0.119291 0.989325 -0.000000 0.000000 0.000000 0.000000 1.000000
0.996446 0.029729 0.078818 -0.000000 -0.020896 0.993645 -0.110607 13.458800 -0.081605 0.108567 0.990734 0.000000 0.000000 0.000000 0.000000 1.000000
0.996911 0.033868 0.070860 0.000000 -0.026189 0.993955 -0.106619 13.458800 -0.074042 0.104434 0.991772 0.000000 0.000000 0.000000 0.000000 1.000000
0.997703 0.031925 0.059742 -0.000000 -0.025227 0.993646 -0.109683 13.458800 -0.062864 0.107924 0.992170 0.000000 0.000000 0.000000 0.000000 1.000000
0.998475 0.027647 0.047775 -0.000000 -0.022025 0.993188 -0.114426 13.458800 -0.050613 0.113199 0.992282 0.000000 0.000000 0.000000 0.000000 1.000000
0.999203 0.020399 0.034317 -0.000000 -0.016216 0.992878 -0.118026 13.458800 -0.036480 0.117375 0.992417 0.000000 0.000000 0.000000 0.000000 1.000000
0.999763 0.012222 0.018001 -0.000000 -0.009996 0.992852 -0.118931 13.458800 -0.019326 0.118723 0.992739 0.000000 0.000000 0.000000 0.000000 1.000000
0.999973 0.007375 0.000285 -0.000000 -0.007287 0.992700 -0.120392 13.458800 -0.001170 0.120387 0.992726 0.000000 0.000000 0.000000 0.000000 1.000000
0.999868 0.006625 -0.014836 -0.000000 -0.008383 0.992521 -0.121786 13.458800 0.013918 0.121894 0.992445 0.000000 0.000000 0.000000 0.000000 1.000000
0.999659 0.007948 -0.024870 0.000000 -0.010949 0.992349 -0.122978 13.458800 0.023702 0.123209 0.992098 0.000000 0.000000 0.000000 0.000000 1.000000
0.999497 0.006778 -0.030971 -0.000000 -0.010635 0.991957 -0.126128 13.458800 0.029867 0.126394 0.991530 0.000000 0.000000 0.000000 0.000000 1.000000
0.999319 0.004826 -0.036590 0.000000 -0.009526 0.991549 -0.129380 13.458800 0.035657 0.129640 0.990920 0.000000 0.000000 0.000000 0.000000 1.000000
0.999040 0.001582 -0.043776 0.000000 -0.007316 0.991338 -0.131134 13.458800 0.043189 0.131328 0.990398 0.000000 0.000000 0.000000 0.000000 1.000000
0.998636 -0.002635 -0.052146 0.000000 -0.004249 0.991313 -0.131456 13.458800 0.052039 0.131499 0.989950 -0.000000 0.000000 0.000000 0.000000 1.000000
0.998318 -0.006613 -0.057593 0.000000 -0.000675 0.992077 -0.125630 13.458800 0.057967 0.125458 0.990404 -0.000000 0.000000 0.000000 0.000000 1.000000
0.998083 -0.010720 -0.060961 0.000000 0.003447 0.992985 -0.118192 13.458800 0.061800 0.117755 0.991118 0.000000 0.000000 0.000000 0.000000 1.000000
0.998264 -0.016055 -0.056672 0.000000 0.009815 0.994025 -0.108707 13.458800 0.058079 0.107962 0.992457 0.000000 0.000000 0.000000 0.000000 1.000000
0.998541 -0.023995 -0.048376 0.000000 0.018850 0.994386 -0.104125 13.458800 0.050603 0.103061 0.993387 -0.000000 0.000000 0.000000 0.000000 1.000000
0.998840 -0.027911 -0.039226 0.000000 0.023594 0.994031 -0.106519 13.458800 0.041965 0.105470 0.993537 0.000000 0.000000 0.000000 0.000000 1.000000
0.999166 -0.027896 -0.029814 0.000000 0.024372 0.993338 -0.112629 13.458800 0.032757 0.111808 0.993190 0.000000 0.000000 0.000000 0.000000 1.000000
0.999563 -0.023146 -0.018366 0.000000 0.020829 0.992839 -0.117631 13.458800 0.020957 0.117197 0.992888 0.000000 0.000000 0.000000 0.000000 1.000000
0.999866 -0.015870 -0.004055 0.000000 0.015271 0.992706 -0.119587 13.458800 0.005923 0.119509 0.992815 -0.000000 0.000000 0.000000 0.000000 1.000000
0.999889 -0.008747 0.012039 0.000000 0.010150 0.992491 -0.121895 13.458800 -0.010883 0.122004 0.992470 0.000000 0.000000 0.000000 0.000000 1.000000</float_array>
        <technique_common>
          <accessor source="#mixamorig_Spine2-Matrix-animation-output-transform-array" count="32" stride="16">
            <param type="float4x4"/>
          </accessor>
        </technique_common>
      </source>
      <source id="mixamorig_Spine2-Interpolations">
        <Name_array id="mixamorig_Spine2-Interpolations-array" count="32">
 LINEAR LINEAR LINEAR LINEAR LINEAR LINEAR LINEAR LINEAR LINEAR LINEAR LINEAR
LINEAR LINEAR LINEAR LINEAR LINEAR LINEAR LINEAR LINEAR LINEAR LINEAR LINEAR LINEAR
LINEAR LINEAR LINEAR LINEAR LINEAR LINEAR LINEAR LINEAR LINEAR</Name_array>
        <technique_common>
          <accessor source="#mixamorig_Spine2-Interpolations-array" count="32">
            <param type="name"/>
          </accessor>
        </technique_common>
      </source>
      <sampler id="mixamorig_Spine2-Matrix-animation-transform">
        <input semantic="INPUT" source="#mixamorig_Spine2-Matrix-animation-input"/>
        <input semantic="OUTPUT" source="#mixamorig_Spine2-Matrix-animation-output-transform"/>
        <input semantic="INTERPOLATION" source="#mixamorig_Spine2-Interpolations"/>
      </sampler>
      <channel source="#mixamorig_Spine2-Matrix-animation-transform" target="mixamorig_Spine2/matrix"/>
    </animation>
    <animation id="mixamorig_Neck-anim" name="mixamorig_Neck">
      <source id="mixamorig_Neck-Matrix-animation-input">
        <float_array id="mixamorig_Neck-Matrix-animation-input-array" count="32">

0.000000 0.033333 0.066667 0.100000 0.133333 0.166667 0.200000 0.233333 0.266667 0.300000 0.333333 0.366667 0.400000 0.433333 0.466667 0.500000
0.533333 0.566667 0.600000 0.633333 0.666667 0.700000 0.733333 0.766667 0.800000 0.833333 0.866667 0.900000 0.933333 0.966667 1.000000 1.033333</float_array>
        <technique_common>
          <accessor source="#mixamorig_Neck-Matrix-animation-input-array" count="32">
            <param name="TIME" type="float"/>
          </accessor>
        </technique_common>
      </source>
      <source id="mixamorig_Neck-Matrix-animation-output-transform">
        <float_array id="mixamorig_Neck-Matrix-animation-output-transform-array" count="512">

0.999746 0.021083 -0.007958 -0.000000 -0.021128 0.999761 -0.005579 15.027800 0.007839 0.005745 0.999953 0.877900 0.000000 0.000000 0.000000 1.000000
0.999909 0.008095 -0.010777 0.000000 -0.008257 0.999853 -0.015047 15.027800 0.010654 0.015135 0.999829 0.877900 0.000000 0.000000 0.000000 1.000000
0.999848 -0.009064 -0.014864 0.000000 0.008824 0.999831 -0.016110 15.027800 0.015007 0.015977 0.999760 0.877900 0.000000 0.000000 0.000000 1.000000
0.999544 -0.023972 -0.018376 0.000000 0.023452 0.999333 -0.028006 15.027800 0.019035 0.027562 0.999439 0.877900 0.000000 0.000000 0.000000 1.000000
0.999026 -0.038557 -0.021452 0.000000 0.037638 0.998421 -0.041700 15.027800 0.023026 0.040852 0.998900 0.877900 0.000000 0.000000 0.000000 1.000000
0.998259 -0.053529 -0.024759 0.000000 0.052223 0.997348 -0.050684 15.027800 0.027407 0.049303 0.998408 0.877900 0.000000 0.000000 0.000000 1.000000
0.997051 -0.070674 -0.029922 0.000000 0.069171 0.996420 -0.048604 15.027800 0.033250 0.046391 0.998370 0.877900 0.000000 0.000000 0.000000 1.000000
0.995707 -0.085504 -0.035458 -0.000000 0.084136 0.995713 -0.038422 15.027800 0.038591 0.035273 0.998632 0.877900 0.000000 0.000000 0.000000 1.000000
0.995584 -0.086101 -0.037402 0.000000 0.085596 0.996219 -0.014893 15.027800 0.038543 0.011626 0.999189 0.877900 0.000000 0.000000 0.000000 1.000000
0.996181 -0.079903 -0.035188 -0.000000 0.079396 0.996721 -0.015591 15.027800 0.036319 0.012738 0.999259 0.877900 0.000000 0.000000 0.000000 1.000000
0.996334 -0.079391 -0.031873 -0.000000 0.078465 0.996485 -0.029334 15.027800 0.034090 0.026726 0.999061 0.877900 0.000000 0.000000 0.000000 1.000000
0.997093 -0.071280 -0.026915 0.000000 0.070596 0.997177 -0.025568 15.027800 0.028661 0.023594 0.999311 0.877900 0.000000 0.000000 0.000000 1.000000
0.998647 -0.048600 -0.018488 0.000000 0.048198 0.998605 -0.021576 15.027800 0.019511 0.020655 0.999596 0.877900 0.000000 0.000000 0.000000 1.000000
0.999337 -0.034502 -0.011605 0.000000 0.034151 0.998991 -0.029154 15.027800 0.012600 0.028738 0.999508 0.877900 0.000000 0.000000 0.000000 1.000000
0.999735 -0.022408 -0.005261 -0.000000 0.022184 0.998982 -0.039291 15.027800 0.006136 0.039164 0.999214 0.877900 0.000000 0.000000 0.000000 1.000000
0.999933 -0.011586 0.000591 0.000000 0.011601 0.998279 -0.057483 15.027800 0.000076 0.057486 0.998346 0.877900 0.000000 0.000000 0.000000 1.000000
0.999961 -0.007402 0.004878 0.000000 0.007692 0.998031 -0.062245 15.027800 -0.004408 0.062280 0.998049 0.877900 0.000000 0.000000 0.000000 1.000000
0.999949 -0.006031 0.008133 0.000000 0.006520 0.998088 -0.061468 15.027800 -0.007747 0.061518 0.998076 0.877900 0.000000 0.000000 0.000000 1.000000
0.999937 -0.003519 0.010668 0.000000 0.004190 0.997969 -0.063558 15.027800 -0.010422 0.063598 0.997921 0.877900 0.000000 0.000000 0.000000 1.000000
0.999878 0.008019 0.013368 -0.000000 -0.007181 0.998076 -0.061588 15.027800 -0.013836 0.061484 0.998012 0.877900 0.000000 0.000000 0.000000 1.000000
0.999647 0.021206 0.016029 0.000000 -0.020245 0.998114 -0.057962 15.027800 -0.017227 0.057617 0.998190 0.877900 0.000000 0.000000 0.000000 1.000000
0.999268 0.033675 0.018128 0.000000 -0.032736 0.998222 -0.049807 15.027800 -0.019773 0.049177 0.998594 0.877900 0.000000 0.000000 0.000000 1.000000
0.998653 0.047332 0.021255 0.000000 -0.046710 0.998491 -0.028873 15.027800 -0.022589 0.027841 0.999357 0.877900 0.000000 0.000000 0.000000 1.000000
0.998374 0.052441 0.022345 0.000000 -0.052066 0.998498 -0.017060 15.027800 -0.023206 0.015869 0.999605 0.877900 0.000000 0.000000 0.000000 1.000000
0.998296 0.053920 0.022328 0.000000 -0.053749 0.998521 -0.008194 15.027800 -0.022737 0.006980 0.999717 0.877900 0.000000 0.000000 0.000000 1.000000
0.998775 0.045768 0.018820 0.000000 -0.045681 0.998944 -0.005011 15.027800 -0.019029 0.004145 0.999810 0.877900 0.000000 0.000000 0.000000 1.000000
0.998939 0.043302 0.015680 0.000000 -0.043379 0.999048 0.004573 15.027800 -0.015467 -0.005249 0.999867 0.877900 0.000000 0.000000 0.000000 1.000000
0.999538 0.028922 0.009389 0.000000 -0.029120 0.999340 0.021725 15.027800 -0.008755 -0.021988 0.999720 0.877900 0.000000 0.000000 0.000000 1.000000
0.999810 0.019127 0.003697 0.000000 -0.019231 0.999343 0.030707 15.027800 -0.003107 -0.030773 0.999522 0.877900 0.000000 0.000000 0.000000 1.000000
0.999933 0.011452 -0.001794 -0.000000 -0.011406 0.999650 0.023862 15.027800 0.002066 -0.023840 0.999714 0.877900 0.000000 0.000000 0.000000 1.000000
0.999932 0.009976 -0.006055 -0.000000 -0.009941 0.999934 0.005770 15.027800 0.006112 -0.005710 0.999965 0.877900 0.000000 0.000000 0.000000 1.000000
0.999746 0.021083 -0.007959 0.000000 -0.021128 0.999761 -0.005578 15.027800 0.007839 0.005745 0.999953 0.877900 0.000000 0.000000 0.000000 1.000000</float_array>
        <technique_common>
          <accessor source="#mixamorig_Neck-Matrix-animation-output-transform-array" count="32" stride="16">
            <param type="float4x4"/>
          </accessor>
        </technique_common>
      </source>
      <source id="mixamorig_Neck-Interpolations">
        <Name_array id="mixamorig_Neck-Interpolations-array" count="32">
 LINEAR LINEAR LINEAR LINEAR LINEAR LINEAR LINEAR LINEAR LINEAR LINEAR LINEAR
LINEAR LINEAR LINEAR LINEAR LINEAR LINEAR LINEAR LINEAR LINEAR LINEAR LINEAR LINEAR
LINEAR LINEAR LINEAR LINEAR LINEAR LINEAR LINEAR LINEAR LINEAR</Name_array>
        <technique_common>
          <accessor source="#mixamorig_Neck-Interpolations-array" count="32">
            <param type="name"/>
          </accessor>
        </technique_common>
      </source>
      <sampler id="mixamorig_Neck-Matrix-animation-transform">
        <input semantic="INPUT" source="#mixamorig_Neck-Matrix-animation-input"/>
        <input semantic="OUTPUT" source="#mixamorig_Neck-Matrix-animation-output-transform"/>
        <input semantic="INTERPOLATION" source="#mixamorig_Neck-Interpolations"/>
      </sampler>
      <channel source="#mixamorig_Neck-Matrix-animation-transform" target="mixamorig_Neck/matrix"/>
    </animation>
    <animation id="mixamorig_Head-anim" name="mixamorig_Head">
      <source id="mixamorig_Head-Matrix-animation-input">
        <float_array id="mixamorig_Head-Matrix-animation-input-array" count="32">

0.000000 0.033333 0.066667 0.100000 0.133333 0.166667 0.200000 0.233333 0.266667 0.300000 0.333333 0.366667 0.400000 0.433333 0.466667 0.500000
0.533333 0.566667 0.600000 0.633333 0.666667 0.700000 0.733333 0.766667 0.800000 0.833333 0.866667 0.900000 0.933333 0.966667 1.000000 1.033333</float_array>
        <technique_common>
          <accessor source="#mixamorig_Head-Matrix-animation-input-array" count="32">
            <param name="TIME" type="float"/>
          </accessor>
        </technique_common>
      </source>
      <source id="mixamorig_Head-Matrix-animation-output-transform">
        <float_array id="mixamorig_Head-Matrix-animation-output-transform-array" count="512">

0.998050 -0.033250 -0.052821 0.000000 0.030730 0.998383 -0.047819 10.321800 0.054326 0.046102 0.997458 3.142400 0.000000 0.000000 0.000000 1.000000
0.998313 -0.027046 -0.051374 0.000000 0.024995 0.998881 -0.040161 10.321800 0.052402 0.038809 0.997872 3.142400 0.000000 0.000000 0.000000 1.000000
0.998764 -0.015367 -0.047271 -0.000000 0.013615 0.999217 -0.037162 10.321800 0.047805 0.036472 0.998191 3.142400 0.000000 0.000000 0.000000 1.000000
0.999016 -0.006330 -0.043889 -0.000000 0.005065 0.999571 -0.028861 10.321800 0.044053 0.028610 0.998619 3.142400 0.000000 0.000000 0.000000 1.000000
0.999174 0.002041 -0.040575 0.000000 -0.002844 0.999801 -0.019744 10.321800 0.040527 0.019843 0.998981 3.142400 0.000000 0.000000 0.000000 1.000000
0.999234 0.008478 -0.038207 0.000000 -0.008978 0.999876 -0.012928 10.321800 0.038093 0.013261 0.999186 3.142400 0.000000 0.000000 0.000000 1.000000
0.999210 0.011552 -0.038015 -0.000000 -0.011981 0.999867 -0.011077 10.321800 0.037882 0.011524 0.999216 3.142400 0.000000 0.000000 0.000000 1.000000
0.999150 0.010153 -0.039959 0.000000 -0.010711 0.999848 -0.013776 10.321800 0.039813 0.014193 0.999106 3.142400 0.000000 0.000000 0.000000 1.000000
0.998933 -0.003273 -0.046074 0.000000 0.002056 0.999648 -0.026438 10.321800 0.046145 0.026315 0.998588 3.142400 0.000000 0.000000 0.000000 1.000000
0.998476 -0.021051 -0.051011 -0.000000 0.019928 0.999550 -0.022418 10.321800 0.051460 0.021368 0.998446 3.142400 0.000000 0.000000 0.000000 1.000000
0.998235 -0.032220 -0.049891 0.000000 0.031583 0.999410 -0.013518 10.321800 0.050297 0.011918 0.998663 3.142400 0.000000 0.000000 0.000000 1.000000
0.998225 -0.040334 -0.043821 0.000000 0.039453 0.999005 -0.020799 10.321800 0.044617 0.019033 0.998823 3.142400 0.000000 0.000000 0.000000 1.000000
0.998204 -0.048961 -0.034511 -0.000000 0.047931 0.998398 -0.030080 10.321800 0.035928 0.028371 0.998952 3.142400 0.000000 0.000000 0.000000 1.000000
0.998543 -0.049893 -0.020542 0.000000 0.049164 0.998192 -0.034592 10.321800 0.022231 0.033532 0.999190 3.142400 0.000000 0.000000 0.000000 1.000000
0.998705 -0.050341 -0.007301 -0.000000 0.050026 0.998012 -0.038321 10.321800 0.009216 0.037906 0.999239 3.142400 0.000000 0.000000 0.000000 1.000000
0.998553 -0.053703 0.002755 0.000000 0.053763 0.998061 -0.031377 10.321800 -0.001065 0.031480 0.999504 3.142400 0.000000 0.000000 0.000000 1.000000
0.998294 -0.057564 0.009728 0.000000 0.057790 0.998021 -0.024770 10.321800 -0.008283 0.025290 0.999646 3.142400 0.000000 0.000000 0.000000 1.000000
0.997974 -0.062093 0.013901 0.000000 0.062313 0.997929 -0.015971 10.321800 -0.012880 0.016805 0.999776 3.142400 0.000000 0.000000 0.000000 1.000000
0.997666 -0.066417 0.015871 -0.000000 0.066487 0.997780 -0.003922 10.321800 -0.015575 0.004968 0.999866 3.142400 0.000000 0.000000 0.000000 1.000000
0.997363 -0.070940 0.015282 0.000000 0.070886 0.997476 0.004055 10.321800 -0.015532 -0.002961 0.999875 3.142400 0.000000 0.000000 0.000000 1.000000
0.997132 -0.074326 0.014257 -0.000000 0.074194 0.997197 0.009616 10.321800 -0.014932 -0.008530 0.999852 3.142400 0.000000 0.000000 0.000000 1.000000
0.997315 -0.071916 0.013805 -0.000000 0.071821 0.997391 0.007225 10.321800 -0.014289 -0.006214 0.999879 3.142400 0.000000 0.000000 0.000000 1.000000
0.997661 -0.067196 0.012519 0.000000 0.067266 0.997721 -0.005229 10.321800 -0.012139 0.006059 0.999908 3.142400 0.000000 0.000000 0.000000 1.000000
0.998258 -0.057952 0.011069 0.000000 0.058098 0.998223 -0.013278 10.321800 -0.010280 0.013898 0.999851 3.142400 0.000000 0.000000 0.000000 1.000000
0.998812 -0.047867 0.009103 0.000000 0.048039 0.998652 -0.019677 10.321800 -0.008148 0.020091 0.999765 3.142400 0.000000 0.000000 0.000000 1.000000
0.999262 -0.038054 0.005218 0.000000 0.038161 0.999023 -0.022303 10.321800 -0.004364 0.022486 0.999738 3.142400 0.000000 0.000000 0.000000 1.000000
